!Geocad Enterprise Edition 1.1
!2018-10-31 15:17:08
!#BLOCK0=BLOCK0
!$Наименование
!$Код
#BLOCK0
$
$2663230
+0
1	348361,27	4327908,83
2	348358,46	4327911,68
3	348328,07	4327880,11
4	348227,71	4327774,86
5	348193,84	4327743,8
6	348174,11	4327726,36
7	348166,83	4327721,33
8	348149,36	4327700,91
9	348129,46	4327675,47
10	348104,78	4327644,87
11	348072,1	4327608,61
12	348067,48	4327604,11
13	348059,79	4327602,95
14	348044,97	4327588,27
15	348046,27	4327586,94
16	348016,64	4327555,95
17	348093,43	4327481,21
18	348108,27	4327466,22
19	348074,77	4327429,32
20	348052,81	4327407,22
21	348047,26	4327413,2
22	347987,72	4327354,21
23	347981,47	4327348,53
24	347939,2	4327303,82
25	347977,46	4327264,62
26	347924,16	4327213,88
27	347853,76	4327149,55
28	347813,18	4327113,37
29	347825,71	4327100,32
30	347812,56	4327087,84
31	347800	4327074,14
32	347790,16	4327082,9
33	347752,69	4327044,4
34	347716,25	4327007,83
35	347673,92	4326965,74
36	347666,49	4326965,62
37	347553,36	4326856,2
38	347500,56	4326804,9
39	347498,75	4326705,31
40	347493,99	4326606,39
41	347442,68	4326527,22
42	347399,47	4326466,72
43	347393,82	4326470,64
44	347379,19	4326450,68
45	347375,6	4326452,89
46	347368,94	4326443,14
47	347350,03	4326418,93
48	347339,38	4326403,48
49	347349,79	4326396,12
50	347318,28	4326354,18
51	347292,13	4326316,74
52	347272,95	4326316,14
53	347175,35	4326319,19
54	347172,62	4326323,72
55	347172,63	4326327,01
56	347165,64	4326327,13
57	347165,71	4326340,12
58	347168,46	4326340,04
59	347168,53	4326342,39
60	347204,36	4326341,92
61	347205,68	4326399,15
62	347208,43	4326399,11
63	347208,5	4326403,11
64	347201,82	4326403,24
65	347200,46	4326345,98
66	347164,65	4326346,4
67	347164,51	4326342,18
68	347163,78	4326342,18
69	347163,51	4326325,22
70	347168,67	4326325,05
71	347168,66	4326322,61
72	347171,59	4326317,68
73	347171,38	4326308,68
74	347165,65	4326308,72
75	347162,69	4326311,42
76	347091,08	4326311,57
77	347047,39	4326308,54
78	347047,35	4326306,12
79	347023,36	4326299,4
80	346998,07	4326291,08
81	346997,88	4326276,17
82	346998,73	4326276,09
83	346995,93	4326228,5
84	346999,96	4326228,24
85	347002,83	4326279,13
86	347001,91	4326279,18
87	347002,06	4326288,18
88	347024,48	4326295,57
89	347051,39	4326303,08
90	347051,32	4326304,83
91	347091,15	4326307,58
92	347161,15	4326307,46
93	347163,95	4326304,81
94	347175,33	4326304,67
95	347175,53	4326313,19
96	347177,58	4326315,13
97	347272,89	4326312,14
98	347294,36	4326312,92
99	347321,5	4326351,8
100	347355,46	4326397,06
101	347344,85	4326404,51
102	347353,22	4326416,51
103	347372,22	4326440,85
104	347376,68	4326447,54
105	347380	4326445,21
106	347393,55	4326463,65
107	347396,35	4326464,03
108	347400,21	4326461,25
109	347445,97	4326524,93
110	347497,91	4326605,14
111	347502,75	4326705,21
112	347504,55	4326803,15
113	347556,14	4326853,33
114	347668,11	4326961,68
115	347675,56	4326961,78
116	347719,08	4327005
117	347755,53	4327041,58
118	347790,36	4327077,32
119	347800,25	4327068,62
120	347815,46	4327085,08
121	347831,58	4327100,33
122	347818,88	4327113,27
123	347856,45	4327146,59
124	347926,9	4327210,97
125	347983,16	4327264,59
126	347944,86	4327303,84
127	347984,33	4327345,73
128	347990,44	4327351,27
129	348047,02	4327407,55
130	348052,73	4327401,52
131	348077,64	4327426,54
132	348113,91	4327466,32
133	348096,26	4327484,04
134	348052,75	4327526,24
135	348057,12	4327530,09
136	348054,41	4327532,84
137	348049,84	4327529,04
138	348022	4327556,05
139	348051,76	4327586,91
140	348050,56	4327588,2
141	348061,72	4327599,14
142	348069,42	4327600,31
143	348075,03	4327605,89
144	348107,79	4327642,24
145	348132,59	4327672,97
146	348152,43	4327698,34
147	348169,75	4327717,89
148	348176,67	4327723,29
149	348196,53	4327740,84
150	348230,56	4327772,06
151	348330,96	4327877,34
+0		
1	347232,09	4326423,33
2	347228,15	4326423,33
3	347228,09	4326408,69
4	347221,38	4326408,76
5	347221,37	4326404,77
6	347227,89	4326404,69
7	347228,08	4326393,66
8	347232,01	4326393,61
+0		
1	349057,47	4328927,79
2	349054,56	4328930,47
3	349046,28	4328919,69
4	349012,45	4328890,15
5	348901,53	4328790,69
6	348868,31	4328759,97
7	348839	4328710,21
8	348837,44	4328593,16
9	348795,82	4328593,2
10	348795,82	4328589,23
11	348841,4	4328589,16
12	348841,6	4328605,07
13	348856,54	4328604,56
14	348856,92	4328623,24
15	348852,92	4328623,32
16	348852,65	4328608,68
17	348841,65	4328609,07
18	348842,91	4328708,98
19	348859,93	4328737,77
20	348895,5	4328717,1
21	348897,62	4328720,48
22	348861,96	4328741,22
23	348871,42	4328757,36
24	348904,23	4328787,74
25	349015,1	4328887,15
26	349049,07	4328916,81
+0		
1	349972,78	4328696,7
2	349972,26	4328736,08
3	349966,12	4328750,74
4	349941,49	4328804,6
5	349932,02	4328826,93
6	349885,08	4328943,54
7	349848,01	4329037,4
8	349849,8	4329085,89
9	349849,76	4329087,88
10	349845,8	4329087,88
11	349845,8	4329085,96
12	349843,97	4329036,84
13	349881,36	4328942,06
14	349928,33	4328825,38
15	349937,82	4328803,01
16	349962,45	4328749,17
17	349968,26	4328735,33
18	349968,79	4328696,7
+0		
1	349685,53	4329117,01
2	349685,5	4329121
3	349610	4329123,21
4	349445,73	4329124,07
5	349312,22	4329126,84
6	349299,34	4329127,42
7	349269,04	4329127,9
8	349211,82	4329129,29
9	349209,08	4329120,79
10	349212,95	4329119,89
11	349214,71	4329125,2
12	349268,95	4329123,91
13	349299,19	4329123,43
14	349312,06	4329122,85
15	349445,65	4329120,08
16	349609,92	4329119,21
17	349685,53	4329117,01
